   0.0000000000000000      -0.11670812867665303     
   9.9999999999999992E-002 -0.11917771386612100     
  0.20000000000000004      -0.12835308328987299     
  0.30000000000000010      -0.13428087372704589     
  0.40000000000000019      -0.13947022727535793     
  0.50000000000000022      -0.14434673856808605     
  0.60000000000000031      -0.14868090844284806     
  0.70000000000000040      -0.15330631094446404     
  0.80000000000000049      -0.15794841465990533     
  0.90000000000000058      -0.16272126398837866     
   1.0000000000000007      -0.16757998752795411     
   1.1000000000000008      -0.17128549180782210     
   1.2000000000000008      -0.17536203347660137     
   1.3000000000000009      -0.17882751012086487     
   1.4000000000000010      -0.18158523270644453     
   1.5000000000000011      -0.18390885665483578     
   1.6000000000000012      -0.18664920688223305     
   1.7000000000000013      -0.18891909890738237     
   1.8000000000000014      -0.19078107573239378     
   1.9000000000000015      -0.19229066476718501     
   2.0000000000000013      -0.19362352226582438     
   2.0999999999999992      -0.19530131344283660     
   2.1999999999999971      -0.19672171650886702     
   2.2999999999999949      -0.19791642406128906     
   2.3999999999999928      -0.19891361960529280     
   2.4999999999999907      -0.19973829156232076     
   2.5999999999999885      -0.20041254351346802     
   2.6999999999999864      -0.20097602018998265     
   2.7999999999999843      -0.20184705214011558     
   2.8999999999999821      -0.20259617231891586     
   2.9999999999999800      -0.20323733175069783     
   3.0999999999999779      -0.20378299882318485     
   3.1999999999999758      -0.20424430514256653     
   3.2999999999999736      -0.20463118008992459     
   3.3999999999999715      -0.20495247404640546     
   3.4999999999999694      -0.20521607046905307     
   3.5999999999999672      -0.20542898743368307     
   3.6999999999999651      -0.20559746925248562     
   3.7999999999999630      -0.20572706890579390     
   3.8999999999999608      -0.20585945494007774     
   3.9999999999999587      -0.20612903902410271     
   4.0999999999999570      -0.20636167495941701     
   4.1999999999999549      -0.20656138879032943     
   4.2999999999999527      -0.20673179975272504     
   4.3999999999999506      -0.20687616010460549     
   4.4999999999999485      -0.20699739119859689     
   4.5999999999999464      -0.20709811608569789     
   4.6999999999999442      -0.20718068896982836     
   4.7999999999999421      -0.20724722182787819     
   4.8999999999999400      -0.20729960841235903     
   4.9999999999999378      -0.20733954591776071     
   5.0999999999999357      -0.20736855452211567     
   5.1999999999999336      -0.20738799500153807     
   5.2999999999999314      -0.20739908463688517     
   5.3999999999999293      -0.20740291152776374     
   5.4999999999999272      -0.20740044751201034     
   5.5999999999999250      -0.20739255981072163     
   5.6999999999999229      -0.20738002153131477     
   5.7999999999999208      -0.20736352112442863     
   5.8999999999999186      -0.20734367092884445     
   5.9999999999999165      -0.20732101486072854     
   6.0999999999999144      -0.20729603534862059     
   6.1999999999999122      -0.20726915959165984     
   6.2999999999999101      -0.20724076519854295     
   6.3999999999999080      -0.20721118526867785     
   6.4999999999999059      -0.20718071298388663     
   6.5999999999999037      -0.20714960573074445     
   6.6999999999999016      -0.20711808883982377     
   6.7999999999998995      -0.20708635892282679     
   6.8999999999998973      -0.20705458691851786     
   6.9999999999998952      -0.20702292080944004     
   7.0999999999998931      -0.20699148807816939     
   7.1999999999998909      -0.20696039792494456     
   7.2999999999998888      -0.20692974325497837     
   7.3999999999998867      -0.20689960247417655     
   7.4999999999998845      -0.20687004110296006     
   7.5999999999998824      -0.20684111322720669     
   7.6999999999998803      -0.20681286280843783     
   7.7999999999998781      -0.20680123277058873     
   7.8999999999998760      -0.20679682564147583     
   7.9999999999998739      -0.20679200590144323     
   8.0999999999998717      -0.20678685006745984     
   8.1999999999998696      -0.20678142590813359     
   8.2999999999998675      -0.20677579331399881     
   8.3999999999998654      -0.20677000508580501     
   8.4999999999998632      -0.20676410765798031     
   8.5999999999998611      -0.20675814173038998     
   8.6999999999998590      -0.20675214286864232     
   8.7999999999998568      -0.20674614202457758     
   8.8999999999998547      -0.20674016602977899     
   8.9999999999998526      -0.20673423801046820     
   9.0999999999998504      -0.20672837779160397     
   9.1999999999998483      -0.20672260224834937     
   9.2999999999998462      -0.20671692562876132     
   9.3999999999998440      -0.20671135983527389     
   9.4999999999998419      -0.20670591469065455     
   9.5999999999998398      -0.20670059817161582     
   9.6999999999998376      -0.20669541662017663     
   9.7999999999998355      -0.20669037493236017     
   9.8999999999998334      -0.20668547673271664     
   9.9999999999998312      -0.20668072453297426     
