   1.2820512820512820E-002  -9.2033716591997522E-003
   3.8461538461538464E-002  -2.5044078203611431E-002
   6.4102564102564097E-002  -3.9362988152430542E-002
   8.9743589743589744E-002  -5.2507206848108140E-002
  0.11538461538461538       -6.4760857317894313E-002
  0.14102564102564102       -7.6354547185577201E-002
  0.16666666666666666       -8.7472713008741126E-002
  0.19230769230769229       -9.8259046342450543E-002
  0.21794871794871795      -0.10882020873678339     
  0.24358974358974358      -0.11922803234355232     
  0.26923076923076922      -0.12952038337486219     
  0.29487179487179488      -0.13970084178078679     
  0.32051282051282048      -0.14973732629628858     
  0.34615384615384615      -0.15955977311172964     
  0.37179487179487181      -0.16905696213580981     
  0.39743589743589741      -0.17807258023525538     
  0.42307692307692307      -0.18640061905576583     
  0.44871794871794868      -0.19378022937252296     
  0.47435897435897434      -0.19989019803334751     
  0.50000000000000000      -0.20434328138289398     
  0.52564102564102566      -0.20668072453297426     
  0.55128205128205121      -0.20636742224636520     
  0.57692307692307687      -0.20278833595386919     
  0.60256410256410253      -0.19524697022112597     
  0.62820512820512819      -0.18296692210929683     
  0.65384615384615385      -0.16509772972255210     
  0.67948717948717952      -0.14072642927732021     
  0.70512820512820507      -0.10889633305151211     
  0.73076923076923073       -6.8634493662116033E-002
  0.75641025641025639       -1.8989035878349828E-002
  0.78205128205128205        4.0923079470875728E-002
  0.80769230769230771       0.11185832570178279     
  0.83333333333333326       0.19438085937922828     
  0.85897435897435892       0.28879255869384612     
  0.88461538461538458       0.39506470998313381     
  0.91025641025641024       0.51277905467266260     
  0.93589743589743590       0.64108703349368912     
  0.96153846153846145       0.77869586942539182     
  0.98717948717948711       0.92388815685162839     
