   1.2820512820512820E-002   2.1524859492270398E-002
   3.8461538461538464E-002   5.9134844698466020E-002
   6.4102564102564097E-002   9.1869619420692689E-002
   8.9743589743589744E-002  0.11928442380947071     
  0.11538461538461538       0.14114979737963734     
  0.14102564102564102       0.15743470383818695     
  0.16666666666666666       0.16827948022930289     
  0.19230769230769229       0.17396243325128302     
  0.21794871794871795       0.17486404141975606     
  0.24358974358974358       0.17143222658278084     
  0.26923076923076922       0.16415129361465983     
  0.29487179487179488       0.15351615863213655     
  0.32051282051282048       0.14001258594472887     
  0.34615384615384615       0.12410344206286354     
  0.37179487179487181       0.10622048800745500     
  0.39743589743589741        8.6760954095997864E-002
  0.42307692307692307        6.6088031681946560E-002
  0.44871794871794868        4.4534422260334640E-002
  0.47435897435897434        2.2408157087924631E-002
  0.50000000000000000        6.3868537836375653E-018
  0.52564102564102566       -2.2408157087924638E-002
  0.55128205128205121       -4.4534422260334633E-002
  0.57692307692307687       -6.6088031681946546E-002
  0.60256410256410253       -8.6760954095997836E-002
  0.62820512820512819      -0.10622048800745501     
  0.65384615384615385      -0.12410344206286354     
  0.67948717948717952      -0.14001258594472887     
  0.70512820512820507      -0.15351615863213655     
  0.73076923076923073      -0.16415129361465983     
  0.75641025641025639      -0.17143222658278087     
  0.78205128205128205      -0.17486404141975606     
  0.80769230769230771      -0.17396243325128305     
  0.83333333333333326      -0.16827948022930286     
  0.85897435897435892      -0.15743470383818692     
  0.88461538461538458      -0.14114979737963737     
  0.91025641025641024      -0.11928442380947071     
  0.93589743589743590       -9.1869619420692675E-002
  0.96153846153846145       -5.9134844698465999E-002
  0.98717948717948711       -2.1524859492270398E-002
